lastAccountName: God_DIM
timestamps:
  login: 1468680846772
  logout: 1468680904129
ipAddress: 127.0.0.1
lastlocation:
  world: world
  x: 241.5
  y: 68.0
  z: 255.5
  yaw: 0.0
  pitch: 0.0
logoutlocation:
  world: world
  x: 227.9955173639252
  y: 69.0
  z: 269.96118964686656
  yaw: 98.24997
  pitch: 12.30001
